     0/299     21.2G   0.05633    0.0232   0.06543     0.145        73       640    0.1965    0.1853   0.08308    0.0571   0.02885  0.008302   0.05007
     1/299       21G   0.03447   0.02097   0.05881    0.1142        61       640    0.3697    0.3892    0.2091    0.1566   0.02329  0.006947   0.04178
     2/299       21G   0.03019   0.02032    0.0493   0.09981        61       640    0.5658    0.3693    0.3106    0.2473   0.02317   0.00722   0.03603
     3/299       21G   0.02849   0.02034   0.04355   0.09238        66       640    0.5599    0.4631    0.4034    0.3204   0.02338   0.00738    0.0332
     4/299       21G   0.02738   0.02008    0.0403   0.08776        72       640    0.5687    0.4633    0.4461    0.3592   0.02318  0.007234   0.03209
     5/299       21G   0.02663   0.01946   0.03735   0.08344        59       640    0.5467    0.4843    0.4628    0.3754   0.02237   0.00721   0.03041
     6/299       21G   0.02622   0.01934   0.03604    0.0816        47       640    0.5967    0.5054    0.5181    0.4217   0.02239  0.007335   0.02768
     7/299       21G   0.02568   0.01916   0.03386   0.07869        66       640    0.6476    0.4796    0.5355    0.4392   0.02222  0.007183   0.02748
     8/299       21G    0.0254   0.01881    0.0329   0.07711       105       640    0.6213    0.5429    0.5597    0.4603   0.02181  0.007025    0.0261
     9/299       21G     0.025    0.0187   0.03133   0.07503       120       640    0.6286    0.5599    0.5735    0.4749   0.02138  0.007128   0.02637
    10/299       21G   0.02465   0.01807   0.03126   0.07397        83       640    0.6552    0.5783    0.6046    0.5004   0.02105  0.007022   0.02401
    11/299       21G   0.02438   0.01827   0.03044   0.07308        82       640    0.6391    0.5605    0.5965    0.4967    0.0215  0.007328   0.02476
    12/299       21G   0.02413   0.01789   0.02935   0.07137        42       640    0.6524    0.5734     0.619    0.5088   0.02093  0.007104   0.02407
    13/299       21G   0.02397   0.01772   0.02893   0.07062        97       640    0.6585    0.5851    0.6283    0.5175   0.02113  0.007216   0.02354
    14/299       21G   0.02368   0.01786   0.02864   0.07018        70       640    0.6731    0.5797    0.6266    0.5158    0.0208  0.007107   0.02375
    15/299       21G    0.0236   0.01762   0.02781   0.06903        61       640     0.729    0.5699    0.6507    0.5443   0.02038   0.00697   0.02284
    16/299       21G   0.02346   0.01726   0.02711   0.06783        49       640    0.7139    0.6128    0.6659    0.5594   0.02029  0.006807   0.02231
    17/299       21G   0.02329   0.01745   0.02667   0.06741        73       640    0.7147    0.6087    0.6639     0.554   0.02004  0.006889   0.02212
    18/299       21G   0.02305   0.01733   0.02571   0.06608       107       640    0.7186     0.627    0.6845    0.5735   0.01962  0.006716   0.02141
    19/299       21G   0.02295   0.01721   0.02535   0.06551        48       640    0.7013    0.6274    0.6706    0.5652   0.02064  0.006889   0.02204
    20/299       21G   0.02277   0.01687   0.02493   0.06456        58       640    0.7087    0.6316    0.6883    0.5694   0.01977  0.006783   0.02095
    21/299       21G    0.0228   0.01714   0.02466    0.0646        68       640    0.7342    0.6289    0.6952    0.5897   0.01978  0.006739   0.02079
    22/299       21G   0.02254   0.01667    0.0241   0.06331        82       640    0.7101    0.6576    0.7037    0.5909   0.01955  0.006753   0.02062
    23/299       21G   0.02258    0.0167   0.02405   0.06332        60       640    0.7219    0.6681    0.7164    0.6074   0.01923  0.006645   0.01994
    24/299       21G   0.02249   0.01664   0.02342   0.06256        61       640    0.7354    0.6633      0.72    0.6067   0.01914  0.006619   0.01982
    25/299       21G   0.02261   0.01668   0.02354   0.06283        70       640    0.7418    0.6566    0.7144    0.6039    0.0194  0.006696   0.01981
    26/299       21G   0.02228   0.01635   0.02291   0.06155        86       640    0.7677     0.666    0.7271    0.6173   0.01885  0.006576   0.01935
    27/299       21G   0.02227   0.01651   0.02289   0.06167        89       640    0.7495    0.6674    0.7309    0.6199   0.01886  0.006626   0.01908
    28/299       21G   0.02234   0.01646   0.02255   0.06135        77       640      0.79    0.6666    0.7363    0.6241   0.01881  0.006634   0.01874
    29/299       21G   0.02205   0.01631   0.02196   0.06032        72       640    0.7763     0.664    0.7396    0.6294   0.01821  0.006616    0.0188
    30/299       21G   0.02193   0.01633   0.02209   0.06035        75       640    0.7365     0.691    0.7353    0.6325   0.01833   0.00654   0.01955
    31/299       21G   0.02198   0.01611   0.02195   0.06004        52       640    0.7397    0.7015    0.7425    0.6375   0.01819  0.006582   0.01895
    32/299       21G    0.0219   0.01622   0.02142   0.05953        80       640    0.7321    0.7062    0.7456    0.6378   0.01804  0.006538   0.01814
    33/299       21G   0.02165   0.01586   0.02108    0.0586        61       640    0.7396     0.708    0.7433    0.6369   0.01818  0.006502   0.01811
    34/299       21G   0.02167   0.01584   0.02087   0.05837       104       640    0.7492    0.7131    0.7571    0.6519   0.01789  0.006403   0.01811
    35/299       21G   0.02176   0.01614   0.02087   0.05876        64       640     0.803    0.6843    0.7609    0.6524   0.01782    0.0065   0.01789
    36/299       21G   0.02161    0.0158    0.0209   0.05831        76       640    0.7785     0.695      0.76    0.6558   0.01777  0.006486   0.01789
    37/299       21G   0.02154   0.01579   0.02025   0.05758        62       640    0.7797    0.6935    0.7611    0.6531   0.01775  0.006457   0.01735
    38/299       21G   0.02148   0.01544   0.02035   0.05727        75       640    0.7953    0.7012    0.7663    0.6611   0.01754   0.00639   0.01783
    39/299       21G   0.02146   0.01575   0.01974   0.05695        73       640    0.7815    0.7041    0.7673    0.6641   0.01751  0.006454   0.01758
    40/299       21G       nan       nan   0.01964       nan        75       640    0.7799    0.7023    0.7636     0.659   0.01757  0.006443   0.01755
    41/299       21G   0.02133   0.01552   0.01935   0.05619        70       640    0.7827    0.6998     0.762    0.6563   0.01751  0.006501   0.01774
    42/299       21G   0.02158   0.01556   0.01939   0.05654        55       640    0.8125    0.6932    0.7718    0.6672    0.0174  0.006436   0.01792
    43/299       21G   0.02123   0.01543   0.01891   0.05557        60       640    0.8109     0.699    0.7682    0.6675   0.01726  0.006396   0.01779
    44/299       21G   0.02123   0.01527   0.01869   0.05518        58       640    0.8002    0.7143    0.7754    0.6751   0.01715  0.006361    0.0175
    45/299       21G   0.02116   0.01535   0.01891   0.05542        70       640    0.8076    0.7129    0.7801    0.6798   0.01751  0.006336   0.01733
    46/299       21G   0.02121   0.01539   0.01847   0.05508        63       640    0.7963    0.7295    0.7812    0.6778    0.0175  0.006376    0.0176
    47/299       21G   0.02099   0.01528   0.01828   0.05455        60       640    0.8125    0.7083    0.7799    0.6772    0.0174  0.006386   0.01738
    48/299       21G   0.02091   0.01515   0.01835   0.05442        56       640    0.7843    0.7256    0.7797    0.6785   0.01717    0.0064   0.01758
    49/299       21G   0.02081   0.01504   0.01833   0.05418        59       640    0.8195    0.7082    0.7843     0.683   0.01676  0.006348   0.01711
    50/299       21G   0.02083   0.01506   0.01804   0.05394        88       640    0.7823    0.7346    0.7824     0.681   0.01683  0.006331   0.01726
    51/299       21G   0.02093   0.01513   0.01789   0.05396        78       640    0.7995    0.7217    0.7809    0.6805   0.01711  0.006414   0.01721
    52/299       21G       nan       nan   0.01797       nan        62       640    0.8218    0.7043    0.7852    0.6841   0.01692   0.00643   0.01709
    53/299       21G   0.02078   0.01498   0.01807   0.05382        65       640    0.8132    0.7223    0.7847    0.6827   0.01694  0.006435   0.01721
    54/299       21G   0.02079   0.01488   0.01786   0.05353        57       640    0.7998    0.7292    0.7839    0.6835   0.01703    0.0064   0.01713
    55/299       21G   0.02072   0.01505   0.01787   0.05364        66       640    0.8088    0.7188    0.7855    0.6867   0.01706  0.006364    0.0171
    56/299       21G   0.02065   0.01499   0.01769   0.05333        85       640    0.8157    0.7154    0.7852    0.6862    0.0171  0.006396   0.01695
    57/299       21G   0.02067    0.0149   0.01724   0.05281        74       640    0.7904    0.7355     0.788    0.6865   0.01693  0.006405   0.01685
    58/299       21G   0.02064   0.01476   0.01705   0.05246        66       640    0.8022    0.7332    0.7895    0.6904    0.0169  0.006381   0.01678
    59/299       21G   0.02058   0.01492   0.01708   0.05257        70       640    0.8153    0.7277    0.7903    0.6926   0.01676  0.006353   0.01693
    60/299       21G    0.0204   0.01472   0.01703   0.05216        64       640    0.8101    0.7373    0.7897    0.6914   0.01692  0.006391   0.01689
    61/299       21G   0.02031   0.01464   0.01677   0.05172        91       640    0.8183    0.7293    0.7914    0.6937   0.01685  0.006405   0.01681
    62/299       21G   0.02042   0.01454   0.01689   0.05186        69       640    0.8291    0.7214    0.7932    0.6937   0.01663  0.006415    0.0169
    63/299       21G   0.02035   0.01462   0.01657   0.05154        60       640    0.8209    0.7265    0.7934    0.6948    0.0166  0.006421   0.01694
    64/299       21G   0.02044   0.01461   0.01648   0.05154        94       640    0.7854    0.7539    0.7946    0.6943   0.01664  0.006395   0.01679
    65/299       21G   0.02045   0.01464   0.01649   0.05158        58       640    0.8007    0.7412    0.7961    0.6983   0.01663  0.006394   0.01682
    66/299       21G   0.02033   0.01462   0.01629   0.05123        53       640    0.7984    0.7413    0.7965    0.6985   0.01661  0.006394    0.0168
    67/299       21G   0.02026   0.01448   0.01621   0.05096        74       640    0.8067    0.7379    0.7967    0.7001   0.01662  0.006388   0.01669
    68/299       21G   0.02027   0.01453   0.01633   0.05112        51       640    0.8202    0.7268    0.7981    0.7002   0.01658   0.00639   0.01658
    69/299       21G    0.0202    0.0145   0.01616   0.05085        69       640     0.828    0.7219    0.7991    0.7013   0.01657   0.00639    0.0166
    70/299       21G   0.02022   0.01447   0.01595   0.05065        50       640    0.7763    0.7616    0.7992    0.7009   0.01652  0.006413    0.0166
    71/299       21G   0.02021   0.01437   0.01602   0.05059        56       640    0.7991    0.7423    0.7989    0.7018   0.01651    0.0064   0.01666
    72/299       21G   0.02007   0.01457   0.01592   0.05056        73       640     0.809    0.7383    0.7995    0.7032   0.01653   0.00639   0.01673
    73/299       21G   0.02012   0.01435   0.01607   0.05055        84       640    0.8216    0.7324    0.8008    0.7054   0.01645  0.006376   0.01676
    74/299       21G   0.02013   0.01439   0.01564   0.05016        75       640    0.8261    0.7317    0.8014    0.7064   0.01637  0.006385   0.01671
    75/299       21G    0.0201   0.01439   0.01575   0.05025       101       640    0.8237    0.7331    0.8016    0.7061   0.01635    0.0064   0.01671
    76/299       21G   0.02002   0.01452    0.0153   0.04984        55       640    0.8323    0.7288    0.8029    0.7074   0.01635  0.006399   0.01669
    77/299       21G   0.01998    0.0142   0.01529   0.04947        93       640     0.817    0.7396    0.8038    0.7085   0.01634  0.006402   0.01669
    78/299       21G   0.02003   0.01417   0.01536   0.04957        84       640    0.8003    0.7558    0.8031    0.7084   0.01632  0.006405   0.01664
    79/299       21G   0.01991   0.01403   0.01536   0.04931       100       640    0.8065    0.7512    0.8031    0.7085   0.01628  0.006416   0.01663
    80/299       21G   0.02025   0.01444   0.01561   0.05031        78       640    0.7975    0.7578    0.8034    0.7088   0.01627   0.00642   0.01658
    81/299       21G   0.02004   0.01407   0.01545   0.04955        74       640    0.8195    0.7401    0.8034    0.7094   0.01627  0.006422   0.01657
    82/299       21G   0.01987   0.01417   0.01554   0.04958        62       640    0.8198    0.7383    0.8039    0.7089   0.01629  0.006421   0.01659
    83/299       21G   0.01988   0.01416   0.01502   0.04906        79       640    0.8195    0.7403    0.8051    0.7093   0.01629  0.006429    0.0166
    84/299       21G   0.01982   0.01394   0.01506   0.04881        62       640    0.8216    0.7364    0.8047    0.7094   0.01628  0.006439   0.01661
    85/299       21G   0.01965   0.01398   0.01472   0.04834        74       640    0.8019    0.7531     0.805    0.7099   0.01628  0.006443   0.01662
    86/299       21G    0.0198   0.01417   0.01494   0.04891        96       640    0.8018     0.756    0.8061    0.7109   0.01627  0.006449   0.01663
    87/299       21G   0.01955   0.01393   0.01444   0.04792        60       640    0.8013    0.7564    0.8069    0.7112   0.01625   0.00645   0.01663
    88/299       21G   0.01954   0.01369   0.01451   0.04774        53       640    0.8037    0.7562    0.8065    0.7115   0.01623  0.006451   0.01664
    89/299       21G       nan       nan   0.01458       nan        62       640    0.8019    0.7583    0.8074    0.7112   0.01621  0.006456   0.01665
    90/299       21G   0.01953   0.01382   0.01434    0.0477        55       640    0.8062    0.7549    0.8073    0.7113    0.0162  0.006457   0.01666
    91/299       21G   0.01934   0.01381   0.01421   0.04736       122       640    0.8193    0.7444    0.8074    0.7116   0.01618   0.00646   0.01667
    92/299       21G   0.01941   0.01364   0.01443   0.04748        70       640    0.8299    0.7378    0.8074    0.7115   0.01618  0.006465   0.01668
    93/299       21G   0.01951   0.01388   0.01432   0.04771        79       640    0.8261    0.7411    0.8076    0.7119   0.01617   0.00647   0.01669
    94/299       21G   0.01934   0.01354   0.01405   0.04692        44       640    0.8224     0.744    0.8079    0.7118   0.01617  0.006474   0.01671
    95/299       21G   0.01936   0.01359   0.01415   0.04711        82       640    0.8279    0.7411    0.8076    0.7119   0.01616  0.006476   0.01672
    96/299       21G   0.01923   0.01356    0.0139    0.0467        65       640    0.8283    0.7407    0.8078    0.7119   0.01617  0.006479   0.01673
    97/299       21G   0.01936   0.01377   0.01393   0.04706        73       640    0.8274    0.7425    0.8081    0.7123   0.01617  0.006484   0.01673
    98/299       21G   0.01925   0.01372   0.01394   0.04691        56       640    0.8269    0.7443    0.8085    0.7121   0.01617  0.006488   0.01674
    99/299       21G   0.01928   0.01371   0.01405   0.04704        63       640    0.8241    0.7466    0.8084    0.7124   0.01617  0.006491   0.01675
   100/299       21G   0.01921   0.01357   0.01363   0.04641        53       640    0.8262    0.7469     0.809    0.7127   0.01617  0.006495   0.01674
   101/299       21G   0.01904   0.01335   0.01338   0.04577        75       640    0.8305    0.7442    0.8094     0.713   0.01617  0.006499   0.01672
   102/299       21G   0.01919    0.0135   0.01374   0.04643        80       640    0.8294    0.7457    0.8092    0.7126   0.01616  0.006505   0.01672
   103/299       21G   0.01902   0.01344    0.0138   0.04626        54       640    0.8261    0.7483    0.8091    0.7127   0.01616  0.006509   0.01672
   104/299       21G   0.01914   0.01349   0.01339   0.04602        76       640    0.8261    0.7495    0.8094    0.7128   0.01616  0.006512   0.01673
   105/299       21G   0.01907    0.0135   0.01356   0.04612        62       640    0.8255    0.7518    0.8093    0.7124   0.01616  0.006517   0.01675
   106/299       21G    0.0188   0.01334   0.01343   0.04556        96       640    0.8206    0.7557    0.8088    0.7128   0.01616  0.006521   0.01677
   107/299       21G   0.01884   0.01332   0.01305   0.04522       103       640    0.8227    0.7553    0.8089    0.7134   0.01616  0.006527   0.01678
   108/299       21G   0.01881   0.01339    0.0132    0.0454       104       640     0.824    0.7544    0.8085    0.7132   0.01616  0.006532   0.01679
   109/299       21G   0.01875   0.01312    0.0135   0.04537        82       640    0.8286     0.751    0.8082    0.7132   0.01616  0.006536   0.01679
   110/299       21G   0.01874   0.01348   0.01323   0.04545        52       640     0.829    0.7511    0.8084    0.7135   0.01617  0.006541    0.0168
   111/299       21G   0.01886   0.01342   0.01361   0.04589        48       640    0.8287    0.7506    0.8086    0.7141   0.01617  0.006545    0.0168
   112/299       21G   0.01885   0.01317   0.01327   0.04528        62       640    0.8308    0.7494    0.8087    0.7138   0.01618  0.006548   0.01681
   113/299       21G   0.01877   0.01327   0.01321   0.04525        67       640    0.8309    0.7493    0.8086    0.7137   0.01618  0.006553   0.01681
   114/299       21G   0.01893    0.0133   0.01325   0.04547        71       640    0.8299    0.7497     0.809    0.7144    0.0162  0.006556   0.01682
   115/299       21G   0.01883   0.01331   0.01309   0.04523        82       640    0.8294    0.7491    0.8088    0.7138    0.0162  0.006561   0.01681
   116/299       21G   0.01872   0.01323   0.01314   0.04508        61       640    0.8291    0.7493    0.8089    0.7139   0.01621  0.006564   0.01681
   117/299       21G   0.01864   0.01313   0.01278   0.04455        58       640    0.8275    0.7495    0.8092    0.7142   0.01621  0.006568   0.01681
   118/299       21G   0.01838   0.01315    0.0124   0.04393        67       640     0.829    0.7491    0.8093    0.7139   0.01622  0.006573    0.0168
   119/299       21G   0.01869   0.01313    0.0128   0.04462        73       640    0.8291    0.7496    0.8094    0.7144   0.01622  0.006578   0.01679
   120/299       21G       nan       nan   0.01277       nan        77       640    0.8286      0.75    0.8094    0.7144   0.01622  0.006582   0.01679
   121/299       21G   0.01868   0.01323   0.01276   0.04467        74       640    0.8275    0.7507    0.8094    0.7147   0.01623  0.006586   0.01679
   122/299       21G   0.01839   0.01294   0.01253   0.04386        73       640     0.828    0.7505    0.8095    0.7146   0.01622   0.00659   0.01679
   123/299       21G   0.01848   0.01303   0.01242   0.04394        82       640    0.8291    0.7499    0.8096    0.7148   0.01622  0.006594   0.01678
   124/299       21G   0.01842   0.01304   0.01257   0.04403        63       640    0.8218    0.7535    0.8098    0.7149   0.01622  0.006598   0.01678
   125/299       21G   0.01839   0.01296    0.0125   0.04385        68       640    0.8248    0.7518    0.8098     0.715   0.01622  0.006601   0.01678
   126/299       21G   0.01836   0.01299   0.01227   0.04362        55       640    0.8303    0.7499      0.81    0.7148   0.01621  0.006605   0.01678
   127/299       21G   0.01826    0.0129   0.01206   0.04321        80       640    0.8363    0.7454      0.81     0.715    0.0162  0.006609   0.01678
   128/299       21G   0.01823   0.01296   0.01226   0.04345        61       640    0.8349    0.7479    0.8101     0.715    0.0162  0.006613   0.01678
   129/299       21G   0.01826   0.01289   0.01219   0.04334        94       640    0.8329    0.7485      0.81    0.7152   0.01619  0.006616   0.01679
   130/299       21G   0.01814   0.01274   0.01229   0.04316        84       640    0.8326     0.749    0.8095     0.715   0.01621   0.00662    0.0168
   131/299       21G   0.01814   0.01289   0.01223   0.04326        54       640    0.8305    0.7501    0.8097    0.7153   0.01621  0.006622    0.0168
   132/299       21G   0.01806    0.0129   0.01205   0.04301        55       640    0.8261    0.7536    0.8101    0.7156   0.01622  0.006627    0.0168
   133/299       21G   0.01821   0.01284   0.01199   0.04305        80       640    0.8457    0.7405    0.8099    0.7152   0.01623   0.00663    0.0168
   134/299       21G   0.01807   0.01263   0.01156   0.04226        54       640    0.8441    0.7421      0.81    0.7151   0.01624  0.006636   0.01679
   135/299       21G   0.01809   0.01266   0.01185    0.0426        55       640    0.8465    0.7403    0.8101    0.7153   0.01625  0.006641   0.01679
   136/299       21G   0.01805   0.01265   0.01186   0.04257        96       640    0.8411     0.745    0.8103    0.7157   0.01626  0.006646   0.01679
   137/299       21G   0.01799   0.01269   0.01195   0.04263        67       640    0.8428    0.7437    0.8103    0.7154   0.01627   0.00665   0.01678
   138/299       21G   0.01788   0.01249   0.01137   0.04174        73       640    0.8441    0.7431    0.8104    0.7155   0.01628  0.006654   0.01679
   139/299       21G   0.01792    0.0126   0.01155   0.04206        74       640    0.8427    0.7438    0.8103    0.7156   0.01628  0.006657   0.01679
   140/299       21G   0.01776   0.01246   0.01134   0.04155        51       640    0.8416    0.7442    0.8104    0.7155   0.01629  0.006662   0.01679
   141/299       21G   0.01778   0.01264   0.01187    0.0423        83       640    0.8378     0.747    0.8106    0.7157    0.0163  0.006667    0.0168
   142/299       21G   0.01762   0.01238   0.01153   0.04153        77       640    0.8343    0.7499    0.8106    0.7155    0.0163   0.00667   0.01681
   143/299       21G   0.01787   0.01257    0.0115   0.04194        94       640    0.8331    0.7506    0.8106    0.7157    0.0163  0.006673   0.01682
   144/299       21G   0.01774   0.01255   0.01145   0.04175       114       640    0.8393    0.7456    0.8106    0.7156    0.0163  0.006678   0.01682
   145/299       21G   0.01766   0.01248   0.01131   0.04145        69       640    0.8533    0.7357    0.8105    0.7158    0.0163   0.00668   0.01684
   146/299       21G   0.01759   0.01237   0.01132   0.04128        59       640    0.8386     0.746    0.8106    0.7155   0.01629  0.006683   0.01685
   147/299       21G   0.01767   0.01253   0.01127   0.04147        53       640    0.8294    0.7536    0.8105    0.7158   0.01629  0.006684   0.01686
   148/299       21G   0.01753    0.0124   0.01132   0.04126        65       640    0.8295    0.7542    0.8104     0.716   0.01629  0.006686   0.01687
   149/299       21G   0.01765   0.01251   0.01142   0.04157        71       640      0.84    0.7461    0.8107     0.716   0.01629  0.006689   0.01687
   150/299       21G   0.01751   0.01246   0.01105   0.04102        73       640    0.8353    0.7499    0.8108    0.7159   0.01629  0.006693   0.01687
   151/299       21G   0.01751   0.01232   0.01089   0.04071        87       640     0.835    0.7496    0.8106    0.7157   0.01629  0.006696   0.01688
   152/299       21G       nan       nan   0.01119       nan        77       640    0.8285    0.7543    0.8107    0.7156   0.01629  0.006699   0.01688
   153/299       21G    0.0175   0.01232    0.0109   0.04072        62       640    0.8331    0.7508    0.8105    0.7154   0.01629  0.006703   0.01689
   154/299       21G   0.01739   0.01229   0.01088   0.04056        87       640    0.8422    0.7441    0.8105    0.7154   0.01629  0.006709    0.0169
   155/299       21G   0.01733   0.01213   0.01078   0.04025        62       640    0.8429    0.7436    0.8106    0.7158   0.01628  0.006713   0.01691
   156/299       21G   0.01735   0.01232   0.01104    0.0407        60       640    0.8492    0.7398    0.8107    0.7158   0.01628  0.006717   0.01691
   157/299       21G   0.01722   0.01214    0.0106   0.03995        91       640    0.8359    0.7502    0.8107    0.7157   0.01628  0.006721   0.01691
   158/299       21G   0.01733   0.01219   0.01077   0.04029       108       640    0.8369     0.751     0.811    0.7162   0.01628  0.006724   0.01692
   159/299       21G   0.01702   0.01202   0.01065   0.03968        56       640    0.8377    0.7507    0.8112    0.7164   0.01627  0.006728   0.01692
   160/299       21G   0.01708     0.012    0.0104   0.03948        79       640    0.8362    0.7522    0.8113    0.7165   0.01628  0.006731   0.01693
   161/299       21G   0.01716    0.0121   0.01032   0.03957        68       640    0.8375    0.7522    0.8114    0.7167   0.01628  0.006737   0.01694
   162/299       21G   0.01713   0.01218   0.01055   0.03986        66       640    0.8382    0.7526    0.8111    0.7164   0.01629  0.006743   0.01695
   163/299       21G   0.01688   0.01176  0.009955    0.0386        64       640     0.833    0.7569     0.811    0.7168    0.0163  0.006747   0.01697
   164/299       21G   0.01699   0.01201   0.01013   0.03913        48       640    0.8352    0.7555    0.8107    0.7167   0.01631  0.006752   0.01699
   165/299       21G   0.01702   0.01204    0.0104   0.03946        69       640    0.8389    0.7524    0.8106    0.7168   0.01631  0.006756     0.017
   166/299       21G       nan       nan   0.01032       nan        73       640    0.8376    0.7535    0.8105     0.717   0.01633  0.006759   0.01701
   167/299       21G   0.01688   0.01194   0.01009    0.0389        83       640     0.837    0.7542    0.8106    0.7168   0.01634  0.006764   0.01701
   168/299       21G       nan       nan  0.009961       nan       104       640     0.837    0.7543    0.8104    0.7164   0.01635  0.006767   0.01703
   169/299       21G   0.01699   0.01197   0.01017   0.03913        66       640    0.8371     0.755    0.8105    0.7165   0.01636   0.00677   0.01704
   170/299       21G   0.01678   0.01168  0.009954   0.03841        69       640    0.8413    0.7515    0.8103    0.7167   0.01638  0.006775   0.01704
   171/299       21G   0.01682   0.01183  0.009798   0.03844        62       640    0.8407     0.751    0.8103    0.7171   0.01638   0.00678   0.01705
   172/299       21G   0.01674   0.01194   0.01009   0.03876        59       640    0.8442    0.7486    0.8101    0.7168   0.01638  0.006786   0.01706
   173/299       21G    0.0168   0.01182  0.009812   0.03843        48       640     0.845    0.7489    0.8102     0.717   0.01638  0.006792   0.01706
   174/299       21G   0.01665   0.01177  0.009584     0.038        72       640    0.8438    0.7492    0.8103    0.7172   0.01639  0.006797   0.01708
   175/299       21G   0.01659   0.01168  0.009881   0.03815        82       640    0.8442    0.7486    0.8103    0.7171   0.01639  0.006801   0.01709
   176/299       21G   0.01656   0.01169  0.009474   0.03772        35       640    0.8348    0.7565    0.8101    0.7171    0.0164  0.006803    0.0171
   177/299       21G   0.01643   0.01157  0.009612   0.03761        54       640    0.8435    0.7497    0.8102    0.7175   0.01641  0.006808   0.01711
   178/299       21G   0.01665   0.01182  0.009573   0.03804        62       640    0.8394    0.7515    0.8102    0.7175   0.01641  0.006812   0.01712
   179/299       21G   0.01654   0.01163   0.00955   0.03772        58       640    0.8447    0.7472      0.81    0.7171   0.01642  0.006816   0.01713
   180/299       21G   0.01657   0.01169  0.009757   0.03802        99       640     0.846    0.7472    0.8101    0.7172   0.01643   0.00682   0.01714
   181/299       21G    0.0165   0.01167  0.009422   0.03759        77       640    0.8458    0.7478    0.8103    0.7173   0.01643  0.006827   0.01715
   182/299       21G    0.0164   0.01156  0.009194   0.03715        56       640    0.8431    0.7501    0.8104    0.7173   0.01644  0.006833   0.01716
   183/299       21G   0.01647   0.01156  0.009416   0.03745        86       640    0.8396    0.7532    0.8103    0.7173   0.01644  0.006835   0.01717
   184/299       21G   0.01621   0.01153  0.009376   0.03712       101       640    0.8321    0.7582    0.8104    0.7172   0.01645  0.006839   0.01719
   185/299       21G   0.01633   0.01159  0.009177    0.0371        60       640    0.8483    0.7469    0.8104    0.7169   0.01646  0.006843    0.0172
   186/299       21G   0.01641   0.01163  0.009474   0.03751        81       640    0.8497    0.7457    0.8108    0.7171   0.01647  0.006849   0.01721
   187/299       21G   0.01617   0.01144   0.00939     0.037        72       640    0.8507    0.7446    0.8109    0.7173   0.01648  0.006855   0.01722
   188/299       21G   0.01605   0.01131  0.009126   0.03649        63       640    0.8572    0.7407    0.8109    0.7171   0.01649  0.006861   0.01723
   189/299       21G   0.01617    0.0115  0.009275   0.03695        63       640    0.8574    0.7403    0.8109    0.7168    0.0165  0.006865   0.01724
   190/299       21G   0.01611   0.01147  0.009238   0.03683        52       640    0.8386    0.7543    0.8107    0.7167   0.01651  0.006872   0.01724
   191/299       21G   0.01612    0.0114  0.009207   0.03672        63       640    0.8396    0.7535    0.8105    0.7167   0.01651  0.006877   0.01725
   192/299       21G   0.01603   0.01136  0.008885   0.03627        48       640    0.8554    0.7423    0.8106     0.717   0.01652  0.006881   0.01726
   193/299       21G   0.01581   0.01117  0.008681   0.03567        76       640    0.8563    0.7419    0.8103     0.717   0.01652  0.006887   0.01727
   194/299       21G    0.0158   0.01127  0.008678   0.03575        62       640    0.8424     0.752      0.81    0.7169   0.01653  0.006893   0.01728
   195/299       21G   0.01598   0.01125  0.008948   0.03618        65       640    0.8445    0.7512    0.8099    0.7171   0.01654  0.006898   0.01728
   196/299       21G     0.016   0.01132  0.009019   0.03634        60       640    0.8445    0.7521    0.8099     0.717   0.01655  0.006903    0.0173
   197/299       21G   0.01576   0.01125   0.00885   0.03587        62       640    0.8449    0.7513    0.8097    0.7172   0.01656  0.006909   0.01731
   198/299       21G   0.01568   0.01112  0.008545   0.03534        77       640    0.8466    0.7501    0.8096    0.7169   0.01658  0.006915   0.01732
   199/299       21G       nan       nan  0.008819       nan        93       640    0.8448    0.7519    0.8098    0.7168   0.01658  0.006919   0.01733
   200/299       21G   0.01569   0.01125  0.008489   0.03543        69       640    0.8444    0.7523    0.8099    0.7172   0.01659  0.006924   0.01734
   201/299       21G   0.01561   0.01105  0.008336   0.03499        66       640    0.8441     0.753    0.8099     0.717    0.0166   0.00693   0.01734
   202/299       21G   0.01572   0.01113  0.008599   0.03545       100       640     0.845    0.7533      0.81    0.7172   0.01661  0.006934   0.01734
   203/299       21G   0.01565   0.01109   0.00864   0.03537        74       640    0.8477    0.7512    0.8099     0.717   0.01662  0.006939   0.01735
   204/299       21G   0.01564   0.01111  0.008365   0.03512        53       640    0.8434     0.754    0.8098    0.7168   0.01662  0.006944   0.01735
   205/299       21G   0.01543   0.01082  0.008417   0.03466        63       640     0.845    0.7532    0.8097    0.7169   0.01664  0.006951   0.01735
   206/299       21G   0.01543   0.01095  0.008383   0.03476        57       640    0.8434    0.7542    0.8096    0.7171   0.01666  0.006958   0.01736
   207/299       21G   0.01564   0.01104  0.008437   0.03512        75       640    0.8476    0.7513    0.8095    0.7168   0.01667  0.006963   0.01737
   208/299       21G   0.01547   0.01095  0.008324   0.03475        70       640    0.8474    0.7516    0.8093    0.7165   0.01669  0.006969   0.01737
   209/299       21G   0.01552   0.01097  0.008212    0.0347        63       640     0.854    0.7464    0.8094    0.7165    0.0167  0.006975   0.01737
   210/299       21G   0.01542   0.01097  0.008229   0.03462        89       640    0.8528    0.7476    0.8094    0.7164   0.01671  0.006983   0.01737
   211/299       21G   0.01534   0.01087  0.007908   0.03412        85       640    0.8533    0.7477    0.8096    0.7163   0.01672  0.006988   0.01738
   212/299       21G   0.01529   0.01086  0.008044    0.0342        70       640    0.8546    0.7465    0.8092    0.7164   0.01673  0.006994   0.01739
   213/299       21G   0.01521   0.01092  0.008201   0.03434        83       640    0.8542    0.7468    0.8092    0.7171   0.01675  0.007001   0.01741
   214/299       21G   0.01515   0.01087  0.007826   0.03384        68       640     0.855    0.7465    0.8092    0.7169   0.01676   0.00701   0.01742
   215/299       21G    0.0152   0.01085  0.007859   0.03391        73       640    0.8534    0.7476    0.8089    0.7167   0.01677  0.007016   0.01743
   216/299       21G   0.01506    0.0107  0.007571   0.03333        55       640    0.8527     0.748     0.809    0.7169   0.01678  0.007023   0.01744
   217/299       21G   0.01497   0.01053  0.007539   0.03304        94       640    0.8526    0.7484    0.8089    0.7166   0.01679  0.007031   0.01745
   218/299       21G       nan       nan  0.007599       nan        77       640    0.8536    0.7479    0.8087    0.7162   0.01681  0.007037   0.01746
   219/299       21G   0.01515   0.01074  0.007786   0.03368        93       640    0.8539    0.7478    0.8088    0.7165   0.01682  0.007042   0.01747
   220/299       21G   0.01491   0.01062  0.007649   0.03318        73       640     0.854    0.7476    0.8087    0.7161   0.01683  0.007049   0.01748
   221/299       21G   0.01493   0.01067  0.007637   0.03323        52       640    0.8552    0.7469    0.8087     0.716   0.01684  0.007056   0.01749
   222/299       21G   0.01501   0.01065   0.00758   0.03324        59       640    0.8554    0.7469    0.8087    0.7158   0.01686  0.007063    0.0175
   223/299       21G   0.01491   0.01055  0.007514   0.03297        80       640    0.8548    0.7477    0.8086    0.7158   0.01688  0.007069   0.01752
   224/299       21G   0.01489   0.01048  0.007337    0.0327        72       640    0.8542    0.7476    0.8083    0.7157   0.01689  0.007077   0.01753
   225/299       21G   0.01479   0.01056  0.007437   0.03279        98       640    0.8543     0.748    0.8082    0.7152   0.01691  0.007083   0.01755
   226/299       21G   0.01485   0.01053  0.007514    0.0329        52       640    0.8555    0.7474    0.8081    0.7154   0.01692  0.007089   0.01756
   227/299       21G   0.01468   0.01042    0.0072   0.03229        68       640    0.8556    0.7471    0.8079    0.7155   0.01694  0.007096   0.01758
   228/299       21G   0.01466   0.01061  0.007223    0.0325        49       640    0.8541    0.7479    0.8079    0.7154   0.01695  0.007103   0.01759
   229/299       21G   0.01476   0.01048  0.007309   0.03254        83       640    0.8524     0.749    0.8077    0.7152   0.01696  0.007113    0.0176
   230/299       21G   0.01458   0.01034  0.007042   0.03197        46       640    0.8529    0.7489    0.8076     0.715   0.01698   0.00712   0.01761
   231/299       21G   0.01452   0.01033  0.007255    0.0321        63       640    0.8535    0.7485    0.8074    0.7149   0.01699  0.007127   0.01763
   232/299       21G   0.01461   0.01045  0.007323   0.03238        93       640     0.853    0.7489    0.8071    0.7146     0.017  0.007136   0.01764
   233/299       21G   0.01451   0.01017   0.00703   0.03171        90       640    0.8508    0.7505     0.807    0.7143   0.01701  0.007144   0.01765
   234/299       21G   0.01456   0.01022  0.007047   0.03183        54       640    0.8486    0.7509    0.8068    0.7141   0.01702  0.007151   0.01767
   235/299       21G    0.0145   0.01038  0.007103   0.03199        67       640    0.8516    0.7493    0.8067    0.7143   0.01703  0.007158   0.01769
   236/299       21G   0.01452   0.01024  0.007105   0.03186        63       640    0.8499    0.7514    0.8065    0.7141   0.01704  0.007164    0.0177
   237/299       21G   0.01454   0.01029   0.00699   0.03182        55       640    0.8491    0.7517    0.8065    0.7143   0.01705  0.007172   0.01771
   238/299       21G   0.01444   0.01028  0.006953   0.03167        84       640    0.8489    0.7519    0.8063    0.7145   0.01707  0.007179   0.01772
   239/299       21G   0.01433    0.0102  0.006792   0.03132        66       640    0.8521    0.7497    0.8064    0.7146   0.01707  0.007186   0.01773
   240/299       21G   0.01454   0.01033  0.006922   0.03179        69       640    0.8515    0.7499    0.8062    0.7145   0.01709  0.007191   0.01774
   241/299       21G   0.01432   0.01024  0.006716   0.03128        55       640    0.8513    0.7495    0.8059    0.7144    0.0171  0.007199   0.01775
   242/299       21G   0.01423   0.01014  0.006689   0.03106        48       640    0.8523    0.7484    0.8058    0.7144   0.01711  0.007207   0.01777
   243/299       21G       nan       nan  0.006735       nan        51       640    0.8518    0.7478    0.8059    0.7144   0.01712  0.007214   0.01778
   244/299       21G   0.01425   0.01017  0.006781    0.0312        41       640    0.8525    0.7467    0.8057    0.7139   0.01713  0.007222   0.01779
   245/299       21G   0.01424   0.01018  0.006765   0.03119        64       640    0.8532    0.7466    0.8056    0.7139   0.01714  0.007229    0.0178
   246/299       21G   0.01424   0.01005  0.006811   0.03109        71       640    0.8521    0.7476    0.8053    0.7134   0.01716  0.007237   0.01782
   247/299       21G   0.01416   0.01011  0.006573   0.03084        86       640    0.8492    0.7495    0.8052    0.7133   0.01716  0.007245   0.01783
   248/299       21G   0.01407   0.01003  0.006474   0.03058        59       640     0.851    0.7502    0.8051    0.7134   0.01717  0.007252   0.01784
   249/299       21G   0.01398  0.009929  0.006396    0.0303        83       640    0.8506    0.7492    0.8051    0.7135   0.01718  0.007259   0.01784
   250/299       21G   0.01404      0.01  0.006598   0.03064        88       640    0.8637    0.7395    0.8049    0.7134    0.0172  0.007267   0.01785
   251/299       21G   0.01412   0.01004  0.006347    0.0305        59       640    0.8445    0.7541    0.8047     0.713   0.01722  0.007276   0.01787
   252/299       21G    0.0141   0.01007    0.0066   0.03078        62       640    0.8453    0.7533    0.8044     0.713   0.01724  0.007286   0.01788
   253/299       21G   0.01386   0.00983  0.006234   0.02992        74       640    0.8427    0.7547    0.8045    0.7132   0.01725  0.007295   0.01789
   254/299       21G   0.01393  0.009965  0.006429   0.03033        53       640    0.8403    0.7566    0.8045    0.7135   0.01727  0.007303   0.01791
   255/299       21G   0.01388  0.009889  0.006441   0.03021        50       640    0.8405    0.7565    0.8043     0.713   0.01728  0.007311   0.01791
   256/299       21G   0.01383  0.009819  0.006192   0.02984        78       640    0.8668    0.7387    0.8041    0.7131   0.01729   0.00732   0.01792
   257/299       21G   0.01392  0.009813  0.006173   0.02991        38       640    0.8668    0.7387    0.8042    0.7132   0.01731  0.007329   0.01793
   258/299       21G   0.01391  0.009906  0.006362   0.03018        69       640    0.8658      0.74     0.804    0.7131   0.01731  0.007337   0.01794
   259/299       21G   0.01376  0.009746  0.006144   0.02965        48       640    0.8512    0.7496    0.8038    0.7128   0.01733  0.007346   0.01796
   260/299       21G   0.01413   0.01011  0.006553   0.03079        52       640    0.8469    0.7526    0.8036    0.7125   0.01734  0.007351   0.01797
   261/299       21G   0.01388  0.009874  0.006267   0.03002        90       640    0.8598    0.7446    0.8035    0.7123   0.01736  0.007357     0.018
   262/299       21G   0.01378  0.009704  0.006224   0.02971       110       640    0.8585    0.7449    0.8034    0.7118   0.01738  0.007365   0.01801
   263/299       21G   0.01367  0.009815  0.006119    0.0296        53       640    0.8425    0.7556    0.8031    0.7115    0.0174  0.007371   0.01803
   264/299       21G    0.0137  0.009617  0.006107   0.02942        53       640    0.8428    0.7556    0.8028     0.712   0.01742  0.007378   0.01804
   265/299       21G   0.01374  0.009606  0.006002   0.02935        61       640    0.8415    0.7565    0.8028    0.7119   0.01744  0.007384   0.01806
   266/299       21G   0.01363  0.009758  0.005926   0.02932        56       640    0.8399    0.7573    0.8027    0.7119   0.01746  0.007393   0.01808
   267/299       21G   0.01363  0.009781  0.006005   0.02942        68       640    0.8383    0.7585    0.8026    0.7114   0.01748  0.007402   0.01809
   268/299       21G    0.0137  0.009726  0.005999   0.02942        70       640    0.8394    0.7572    0.8026    0.7114   0.01749  0.007411    0.0181
   269/299       21G   0.01358  0.009664  0.005844   0.02909        73       640     0.856    0.7461    0.8026    0.7109   0.01751  0.007419   0.01812
   270/299       21G   0.01354  0.009658  0.005765   0.02896        55       640    0.8429    0.7544    0.8026    0.7106   0.01753  0.007428   0.01813
   271/299       21G   0.01359  0.009684  0.006042   0.02932        71       640    0.8422     0.755    0.8025    0.7104   0.01754  0.007435   0.01815
   272/299       21G   0.01362  0.009798  0.006057   0.02947        60       640     0.841    0.7555    0.8024    0.7103   0.01756  0.007441   0.01816
   273/299       21G   0.01356  0.009613  0.005847   0.02902        47       640    0.8419    0.7554    0.8022    0.7103   0.01758  0.007449   0.01818
   274/299       21G   0.01356  0.009665  0.006028   0.02925        69       640    0.8434    0.7541     0.802    0.7102    0.0176  0.007457   0.01819
   275/299       21G   0.01343  0.009505  0.005841   0.02878        63       640     0.844    0.7538    0.8019    0.7101   0.01762  0.007463   0.01821
   276/299       21G   0.01345  0.009663  0.005885     0.029        52       640     0.843    0.7543    0.8017      0.71   0.01764  0.007472   0.01822
   277/299       21G   0.01351  0.009583  0.005854   0.02895        64       640    0.8596    0.7427    0.8016    0.7103   0.01766  0.007479   0.01823
   278/299       21G   0.01343  0.009527  0.005742    0.0287        80       640    0.8599    0.7421    0.8014    0.7099   0.01768  0.007488   0.01825
   279/299       21G   0.01349  0.009694  0.005799   0.02899        86       640    0.8586    0.7424    0.8015    0.7097   0.01769  0.007497   0.01825
   280/299       21G    0.0134  0.009565   0.00576   0.02873        73       640    0.8646    0.7383    0.8012    0.7096   0.01771  0.007503   0.01827
   281/299       21G       nan       nan  0.005777       nan        58       640    0.8649    0.7378    0.8009    0.7098   0.01773  0.007512   0.01828
   282/299       21G    0.0135  0.009536   0.00575   0.02879        85       640    0.8664    0.7373    0.8007    0.7092   0.01775  0.007522    0.0183
   283/299       21G       nan       nan   0.00586       nan        58       640    0.8661    0.7369    0.8002    0.7089   0.01777  0.007531   0.01831
   284/299       21G   0.01349  0.009526  0.005823   0.02884        75       640     0.865    0.7373    0.8003     0.709   0.01779   0.00754   0.01833
   285/299       21G   0.01335  0.009442  0.005678   0.02847        76       640    0.8587    0.7413    0.8002    0.7092   0.01781   0.00755   0.01834
   286/299       21G   0.01331  0.009492  0.005597    0.0284        62       640    0.8604    0.7407       0.8    0.7089   0.01783  0.007557   0.01836
   287/299       21G   0.01339  0.009677  0.005849   0.02892        62       640    0.8601    0.7412    0.7995    0.7086   0.01785  0.007561   0.01837
   288/299       21G   0.01328  0.009319  0.005616   0.02822        66       640      0.86    0.7414    0.7993    0.7084   0.01787  0.007567   0.01839
   289/299       21G   0.01328   0.00948  0.005709   0.02847        68       640    0.8597    0.7412    0.7989    0.7081   0.01789  0.007574   0.01841
   290/299       21G   0.01326   0.00938   0.00573   0.02837        63       640    0.8561    0.7438    0.7993    0.7084   0.01791  0.007584   0.01841
   291/299       21G   0.01323  0.009405  0.005751   0.02839        62       640    0.8582    0.7427    0.7993    0.7082   0.01793  0.007593   0.01843
   292/299       21G   0.01327  0.009348  0.005756   0.02838        60       640    0.8506    0.7477    0.7992    0.7084   0.01794    0.0076   0.01844
   293/299       21G    0.0134  0.009531  0.005729   0.02866        72       640    0.8571    0.7432     0.799    0.7082   0.01795  0.007609   0.01845
   294/299       21G   0.01318  0.009342  0.005414   0.02794        57       640    0.8517    0.7467    0.7987    0.7076   0.01797  0.007619   0.01846
   295/299       21G   0.01346  0.009529  0.005745   0.02873        47       640    0.8522    0.7463    0.7986     0.708   0.01798  0.007627   0.01846
   296/299       21G   0.01326  0.009369  0.005545   0.02817        68       640     0.851    0.7462    0.7985    0.7077     0.018  0.007637   0.01848
   297/299       21G   0.01333  0.009426  0.005563   0.02832        47       640    0.8512    0.7457    0.7986    0.7078   0.01802  0.007646   0.01849
   298/299       21G    0.0134  0.009557  0.005831   0.02878        51       640    0.8548    0.7436    0.7987    0.7076   0.01803  0.007653    0.0185
   299/299       21G   0.01333  0.009573  0.005786   0.02869       103       640    0.8508    0.7461    0.7986    0.7077   0.01804  0.007661   0.01851
